{
  "budgets": [
    0.0,
    1.0,
    2.0,
    3.0,
    4.0,
    5.0,
    5.0,
    6.0,
    7.0,
    8.0,
    9.0,
    10.0,
    10.0,
    11.0,
    12.0,
    12.0,
    13.0,
    14.0,
    15.0,
    16.0,
    17.0,
    17.0,
    18.0,
    19.0,
    20.0,
    21.0,
    22.0,
    22.0,
    22.0,
    23.0,
    23.0,
    23.0,
    24.0,
    25.0,
    25.0,
    26.0,
    27.0,
    27.0,
    28.0,
    29.0,
    29.0,
    30.0,
    30.0,
    31.0,
    32.0,
    33.0,
    34.0,
    34.0,
    35.0,
    36.0,
    37.0,
    38.0,
    39.0,
    40.0,
    41.0,
    41.0,
    42.0,
    43.0,
    43.0,
    43.0,
    44.0,
    44.0,
    44.0,
    45.0
  ],
  "allocation_matrix": [
    [
      0.0,
      0.0,
      0.0,
      0.0,
      0.0,
      0.0,
      0.0,
      0.0,
      0.0,
      0.0
    ],
    [
      100.0,
      0.0,
      0.0,
      0.0,
      0.0,
      0.0,
      0.0,
      0.0,
      0.0,
      0.0
    ],
    [
      50.0,
      50.0,
      0.0,
      0.0,
      0.0,
      0.0,
      0.0,
      0.0,
      0.0,
      0.0
    ],
    [
      33.33333333333333,
      33.33333333333333,
      33.33333333333333,
      0.0,
      0.0,
      0.0,
      0.0,
      0.0,
      0.0,
      0.0
    ],
    [
      25.0,
      50.0,
      25.0,
      0.0,
      0.0,
      0.0,
      0.0,
      0.0,
      0.0,
      0.0
    ],
    [
      40.0,
      40.0,
      20.0,
      0.0,
      0.0,
      0.0,
      0.0,
      0.0,
      0.0,
      0.0
    ],
    [
      20.0,
      40.0,
      20.0,
      20.0,
      0.0,
      0.0,
      0.0,
      0.0,
      0.0,
      0.0
    ],
    [
      33.33333333333333,
      33.33333333333333,
      16.666666666666664,
      16.666666666666664,
      0.0,
      0.0,
      0.0,
      0.0,
      0.0,
      0.0
    ],
    [
      28.57142857142857,
      28.57142857142857,
      14.285714285714285,
      28.57142857142857,
      0.0,
      0.0,
      0.0,
      0.0,
      0.0,
      0.0
    ],
    [
      25.0,
      25.0,
      12.5,
      25.0,
      12.5,
      0.0,
      0.0,
      0.0,
      0.0,
      0.0
    ],
    [
      22.22222222222222,
      22.22222222222222,
      11.11111111111111,
      22.22222222222222,
      11.11111111111111,
      11.11111111111111,
      0.0,
      0.0,
      0.0,
      0.0
    ],
    [
      20.0,
      20.0,
      10.0,
      20.0,
      10.0,
      10.0,
      10.0,
      0.0,
      0.0,
      0.0
    ],
    [
      20.0,
      20.0,
      10.0,
      20.0,
      10.0,
      20.0,
      0.0,
      0.0,
      0.0,
      0.0
    ],
    [
      18.181818181818183,
      18.181818181818183,
      9.090909090909092,
      18.181818181818183,
      9.090909090909092,
      18.181818181818183,
      9.090909090909092,
      0.0,
      0.0,
      0.0
    ],
    [
      16.666666666666664,
      25.0,
      8.333333333333332,
      16.666666666666664,
      8.333333333333332,
      16.666666666666664,
      8.333333333333332,
      0.0,
      0.0,
      0.0
    ],
    [
      16.666666666666664,
      25.0,
      8.333333333333332,
      16.666666666666664,
      8.333333333333332,
      16.666666666666664,
      8.333333333333332,
      0.0,
      0.0,
      0.0
    ],
    [
      15.384615384615385,
      30.76923076923077,
      7.6923076923076925,
      15.384615384615385,
      7.6923076923076925,
      15.384615384615385,
      7.6923076923076925,
      0.0,
      0.0,
      0.0
    ],
    [
      14.285714285714285,
      28.57142857142857,
      7.142857142857142,
      14.285714285714285,
      14.285714285714285,
      14.285714285714285,
      7.142857142857142,
      0.0,
      0.0,
      0.0
    ],
    [
      13.333333333333334,
      26.666666666666668,
      6.666666666666667,
      13.333333333333334,
      13.333333333333334,
      13.333333333333334,
      13.333333333333334,
      0.0,
      0.0,
      0.0
    ],
    [
      12.5,
      25.0,
      6.25,
      12.5,
      12.5,
      12.5,
      18.75,
      0.0,
      0.0,
      0.0
    ],
    [
      11.76470588235294,
      23.52941176470588,
      5.88235294117647,
      11.76470588235294,
      11.76470588235294,
      11.76470588235294,
      17.647058823529413,
      5.88235294117647,
      0.0,
      0.0
    ],
    [
      11.76470588235294,
      23.52941176470588,
      5.88235294117647,
      11.76470588235294,
      11.76470588235294,
      11.76470588235294,
      23.52941176470588,
      0.0,
      0.0,
      0.0
    ],
    [
      11.11111111111111,
      22.22222222222222,
      5.555555555555555,
      11.11111111111111,
      11.11111111111111,
      11.11111111111111,
      22.22222222222222,
      5.555555555555555,
      0.0,
      0.0
    ],
    [
      10.526315789473683,
      21.052631578947366,
      5.263157894736842,
      10.526315789473683,
      10.526315789473683,
      10.526315789473683,
      21.052631578947366,
      5.263157894736842,
      5.263157894736842,
      0.0
    ],
    [
      10.0,
      25.0,
      5.0,
      10.0,
      10.0,
      10.0,
      20.0,
      5.0,
      5.0,
      0.0
    ],
    [
      9.523809523809524,
      28.57142857142857,
      4.761904761904762,
      9.523809523809524,
      9.523809523809524,
      9.523809523809524,
      19.047619047619047,
      4.761904761904762,
      4.761904761904762,
      0.0
    ],
    [
      9.090909090909092,
      27.27272727272727,
      4.545454545454546,
      9.090909090909092,
      9.090909090909092,
      9.090909090909092,
      18.181818181818183,
      9.090909090909092,
      4.545454545454546,
      0.0
    ],
    [
      9.090909090909092,
      27.27272727272727,
      4.545454545454546,
      9.090909090909092,
      9.090909090909092,
      9.090909090909092,
      18.181818181818183,
      4.545454545454546,
      4.545454545454546,
      4.545454545454546
    ],
    [
      9.090909090909092,
      27.27272727272727,
      4.545454545454546,
      9.090909090909092,
      9.090909090909092,
      9.090909090909092,
      18.181818181818183,
      4.545454545454546,
      9.090909090909092,
      0.0
    ],
    [
      8.695652173913043,
      26.08695652173913,
      4.3478260869565215,
      8.695652173913043,
      8.695652173913043,
      8.695652173913043,
      17.391304347826086,
      8.695652173913043,
      4.3478260869565215,
      4.3478260869565215
    ],
    [
      8.695652173913043,
      26.08695652173913,
      4.3478260869565215,
      8.695652173913043,
      8.695652173913043,
      8.695652173913043,
      17.391304347826086,
      4.3478260869565215,
      8.695652173913043,
      4.3478260869565215
    ],
    [
      8.695652173913043,
      26.08695652173913,
      4.3478260869565215,
      8.695652173913043,
      8.695652173913043,
      8.695652173913043,
      17.391304347826086,
      8.695652173913043,
      8.695652173913043,
      0.0
    ],
    [
      8.333333333333332,
      25.0,
      4.166666666666666,
      8.333333333333332,
      8.333333333333332,
      8.333333333333332,
      16.666666666666664,
      8.333333333333332,
      8.333333333333332,
      4.166666666666666
    ],
    [
      8.0,
      24.0,
      4.0,
      8.0,
      8.0,
      8.0,
      20.0,
      8.0,
      8.0,
      4.0
    ],
    [
      8.0,
      24.0,
      4.0,
      8.0,
      8.0,
      8.0,
      20.0,
      8.0,
      8.0,
      4.0
    ],
    [
      7.6923076923076925,
      23.076923076923077,
      3.8461538461538463,
      7.6923076923076925,
      7.6923076923076925,
      7.6923076923076925,
      23.076923076923077,
      7.6923076923076925,
      7.6923076923076925,
      3.8461538461538463
    ],
    [
      7.4074074074074066,
      22.22222222222222,
      3.7037037037037033,
      7.4074074074074066,
      7.4074074074074066,
      7.4074074074074066,
      25.925925925925924,
      7.4074074074074066,
      7.4074074074074066,
      3.7037037037037033
    ],
    [
      7.4074074074074066,
      22.22222222222222,
      3.7037037037037033,
      7.4074074074074066,
      7.4074074074074066,
      7.4074074074074066,
      25.925925925925924,
      7.4074074074074066,
      7.4074074074074066,
      3.7037037037037033
    ],
    [
      7.142857142857142,
      21.428571428571427,
      3.571428571428571,
      7.142857142857142,
      7.142857142857142,
      7.142857142857142,
      28.57142857142857,
      7.142857142857142,
      7.142857142857142,
      3.571428571428571
    ],
    [
      6.896551724137931,
      24.137931034482758,
      3.4482758620689653,
      6.896551724137931,
      6.896551724137931,
      6.896551724137931,
      27.586206896551722,
      6.896551724137931,
      6.896551724137931,
      3.4482758620689653
    ],
    [
      6.896551724137931,
      24.137931034482758,
      3.4482758620689653,
      6.896551724137931,
      6.896551724137931,
      6.896551724137931,
      27.586206896551722,
      6.896551724137931,
      6.896551724137931,
      3.4482758620689653
    ],
    [
      6.666666666666667,
      26.666666666666668,
      3.3333333333333335,
      6.666666666666667,
      6.666666666666667,
      6.666666666666667,
      26.666666666666668,
      6.666666666666667,
      6.666666666666667,
      3.3333333333333335
    ],
    [
      6.666666666666667,
      26.666666666666668,
      3.3333333333333335,
      6.666666666666667,
      6.666666666666667,
      6.666666666666667,
      26.666666666666668,
      6.666666666666667,
      6.666666666666667,
      3.3333333333333335
    ],
    [
      6.451612903225806,
      29.03225806451613,
      3.225806451612903,
      6.451612903225806,
      6.451612903225806,
      6.451612903225806,
      25.806451612903224,
      6.451612903225806,
      6.451612903225806,
      3.225806451612903
    ],
    [
      6.25,
      31.25,
      3.125,
      6.25,
      6.25,
      6.25,
      25.0,
      6.25,
      6.25,
      3.125
    ],
    [
      6.0606060606060606,
      33.33333333333333,
      3.0303030303030303,
      6.0606060606060606,
      6.0606060606060606,
      6.0606060606060606,
      24.242424242424242,
      6.0606060606060606,
      6.0606060606060606,
      3.0303030303030303
    ],
    [
      5.88235294117647,
      32.35294117647059,
      2.941176470588235,
      5.88235294117647,
      5.88235294117647,
      5.88235294117647,
      26.47058823529412,
      5.88235294117647,
      5.88235294117647,
      2.941176470588235
    ],
    [
      5.88235294117647,
      32.35294117647059,
      2.941176470588235,
      5.88235294117647,
      5.88235294117647,
      5.88235294117647,
      26.47058823529412,
      5.88235294117647,
      5.88235294117647,
      2.941176470588235
    ],
    [
      5.714285714285714,
      31.428571428571427,
      2.857142857142857,
      5.714285714285714,
      5.714285714285714,
      5.714285714285714,
      28.57142857142857,
      5.714285714285714,
      5.714285714285714,
      2.857142857142857
    ],
    [
      5.555555555555555,
      33.33333333333333,
      2.7777777777777777,
      5.555555555555555,
      5.555555555555555,
      5.555555555555555,
      27.77777777777778,
      5.555555555555555,
      5.555555555555555,
      2.7777777777777777
    ],
    [
      5.405405405405405,
      35.13513513513514,
      2.7027027027027026,
      5.405405405405405,
      5.405405405405405,
      5.405405405405405,
      27.027027027027028,
      5.405405405405405,
      5.405405405405405,
      2.7027027027027026
    ],
    [
      5.263157894736842,
      36.84210526315789,
      2.631578947368421,
      5.263157894736842,
      5.263157894736842,
      5.263157894736842,
      26.31578947368421,
      5.263157894736842,
      5.263157894736842,
      2.631578947368421
    ],
    [
      5.128205128205128,
      38.46153846153847,
      2.564102564102564,
      5.128205128205128,
      5.128205128205128,
      5.128205128205128,
      25.64102564102564,
      5.128205128205128,
      5.128205128205128,
      2.564102564102564
    ],
    [
      5.0,
      40.0,
      2.5,
      5.0,
      5.0,
      5.0,
      25.0,
      5.0,
      5.0,
      2.5
    ],
    [
      4.878048780487805,
      39.02439024390244,
      2.4390243902439024,
      4.878048780487805,
      4.878048780487805,
      4.878048780487805,
      26.82926829268293,
      4.878048780487805,
      4.878048780487805,
      2.4390243902439024
    ],
    [
      4.878048780487805,
      39.02439024390244,
      2.4390243902439024,
      4.878048780487805,
      4.878048780487805,
      4.878048780487805,
      26.82926829268293,
      4.878048780487805,
      4.878048780487805,
      2.4390243902439024
    ],
    [
      4.761904761904762,
      38.095238095238095,
      2.380952380952381,
      4.761904761904762,
      4.761904761904762,
      4.761904761904762,
      28.57142857142857,
      4.761904761904762,
      4.761904761904762,
      2.380952380952381
    ],
    [
      4.651162790697675,
      37.2093023255814,
      2.3255813953488373,
      4.651162790697675,
      4.651162790697675,
      4.651162790697675,
      30.23255813953488,
      4.651162790697675,
      4.651162790697675,
      2.3255813953488373
    ],
    [
      4.651162790697675,
      37.2093023255814,
      2.3255813953488373,
      4.651162790697675,
      4.651162790697675,
      4.651162790697675,
      30.23255813953488,
      4.651162790697675,
      4.651162790697675,
      2.3255813953488373
    ],
    [
      4.651162790697675,
      37.2093023255814,
      2.3255813953488373,
      4.651162790697675,
      4.651162790697675,
      4.651162790697675,
      30.23255813953488,
      4.651162790697675,
      4.651162790697675,
      2.3255813953488373
    ],
    [
      4.545454545454546,
      36.36363636363637,
      2.272727272727273,
      4.545454545454546,
      4.545454545454546,
      4.545454545454546,
      31.818181818181817,
      4.545454545454546,
      4.545454545454546,
      2.272727272727273
    ],
    [
      4.545454545454546,
      36.36363636363637,
      2.272727272727273,
      4.545454545454546,
      4.545454545454546,
      4.545454545454546,
      31.818181818181817,
      4.545454545454546,
      4.545454545454546,
      2.272727272727273
    ],
    [
      4.545454545454546,
      36.36363636363637,
      2.272727272727273,
      4.545454545454546,
      4.545454545454546,
      4.545454545454546,
      31.818181818181817,
      4.545454545454546,
      4.545454545454546,
      2.272727272727273
    ],
    [
      4.444444444444445,
      35.55555555555556,
      2.2222222222222223,
      4.444444444444445,
      4.444444444444445,
      4.444444444444445,
      33.33333333333333,
      4.444444444444445,
      4.444444444444445,
      2.2222222222222223
    ]
  ],
  "subnetwork_info": {
    "names_ordered": [
      "TE",
      "KUO",
      "SOR",
      "LNA",
      "APT",
      "TOI",
      "SIJ",
      "SKM",
      "JKI",
      "KNH"
    ],
    "indices_ordered": [
      8,
      3,
      7,
      4,
      0,
      9,
      5,
      6,
      1,
      2
    ],
    "first_funding": [
      1.0,
      2.0,
      3.0,
      6.0,
      9.0,
      10.0,
      11.0,
      20.0,
      23.0,
      27.0
    ],
    "average_allocation": [
      13.012266360121494,
      28.986457826029486,
      5.946237346727414,
      8.871641360121494,
      6.648218082010717,
      7.131810010915146,
      18.30633783477304,
      4.00999223211018,
      3.831274911848743,
      1.6932640353422834
    ]
  }
}